image_width: 752
image_height: 480
camera_name: narrow_stereo/right
camera_matrix:
  rows: 3
  cols: 3
  data: [461.54166,   0.     , 374.07613,
           0.     , 460.69301, 252.77757,
           0.     ,   0.     ,   1.     ]
distortion_model: plumb_bob
distortion_coefficients:
  rows: 1
  cols: 5
  data: [-0.284228, 0.074243, -0.000168, -0.000016, 0.000000]
rectification_matrix:
  rows: 3
  cols: 3
  data: [ 0.99994906, -0.0042012 , -0.00917705,
          0.00412729,  0.99995902, -0.00805761,
          0.00921053,  0.00801933,  0.99992543]
projection_matrix:
  rows: 3
  cols: 4
  data: [440.71   ,   0.     , 371.06175, -48.30951,
           0.     , 440.71   , 254.30215,   0.     ,
           0.     ,   0.     ,   1.     ,   0.     ]
